trait/effect level  solution
   1   1         1          2.49780135
   2   1         1         14.11036159
   3   1         1         28.16594967
   4   1         1         40.75144001
   5   1         1          2.27381776
   6   1         1          5.36006093
   7   1         1          0.31606224
   8   1         1          0.23324125
   9   1         1          0.07914645
  10   1         1          7.09930150
   1   1         2          2.06593012
   2   1         2         13.41830789
   3   1         2         30.75814094
   4   1         2         50.24786291
   5   1         2          2.52010418
   6   1         2          5.84048960
   7   1         2          0.27362844
   8   1         2          0.24014041
   9   1         2         -0.01206243
  10   1         2          4.66247286
   1   1         3          3.29061355
   2   1         3         19.88379007
   3   1         3         42.91056861
   4   1         3         66.73358183
   5   1         3          3.35688409
   6   1         3          8.24296358
   7   1         3          0.64540378
   8   1         3          0.45452219
   9   1         3         -0.28031665
  10   1         3         -4.38054032
   1   1         4          2.17902112
   2   1         4         12.94810205
   3   1         4         26.80281404
   4   1         4         40.15625191
   5   1         4          2.25433411
   6   1         4          4.99801427
   7   1         4          0.21617518
   8   1         4          0.19905459
   9   1         4         -0.01844910
  10   1         4          0.57297090
   1   1         5          3.66801214
   2   1         5         20.93008571
   3   1         5         46.22672061
   4   1         5         73.32645194
   5   1         5          3.65231932
   6   1         5          8.79552616
   7   1         5          0.57935427
   8   1         5          0.48324004
   9   1         5          0.12103136
  10   1         5          7.72027872
   1   1         6          1.80249604
   2   1         6         11.44603194
   3   1         6         22.60068116
   4   1         6         32.32362288
   5   1         6          2.25414882
   6   1         6          4.51472997
   7   1         6          0.12874177
   8   1         6          0.11929876
   9   1         6         -0.06851267
  10   1         6          6.45383361
   1   2         1          2.40491229
   2   2         1         14.46594827
   3   2         1         30.57924609
   4   2         1         46.70183892
   5   2         1          2.56140131
   6   2         1          5.84650793
   7   2         1          0.30939733
   8   2         1          0.25212323
   9   2         1         -0.01990408
  10   2         1          4.09168962
   1   3         1          2.39658839
   2   3         1         14.40533330
   3   3         1         30.62348256
   4   3         1         47.00638450
   5   3         1          2.49334231
   6   3         1          5.80572760
   7   3         1          0.32244793
   8   3         1          0.25705638
   9   3         1         -0.02614954
  10   3         1          2.89842146
   1   3         2          2.42433474
   2   3         2         14.60738320
   3   3         2         30.47602765
   4   3         2         45.99123256
   5   3         2          2.72020565
   6   3         2          5.94166203
   7   3         2          0.27894594
   8   3         2          0.24061252
   9   3         2         -0.00533133
  10   3         2          6.87598198
   1   4         1          2.17902112
   2   4         1         12.94810205
   3   4         1         26.80281404
   4   4         1         40.15625191
   5   4         1          2.25433411
   6   4         1          4.99801427
   7   4         1          0.21617518
   8   4         1          0.19905459
   9   4         1         -0.01844910
  10   4         1          0.57297090
   1   4         2          2.28186574
   2   4         2         13.76433474
   3   4         2         29.46204531
   4   4         2         45.49965146
   5   4         2          2.39696097
   6   4         2          5.60027527
   7   4         2          0.29484534
   8   4         2          0.23669083
   9   4         2          0.03354201
  10   4         2          5.88088718
   1   4         3          1.80249604
   2   4         3         11.44603194
   3   4         3         22.60068116
   4   4         3         32.32362288
   5   4         3          2.25414882
   6   4         3          4.51472997
   7   4         3          0.12874177
   8   4         3          0.11929876
   9   4         3         -0.06851267
  10   4         3          6.45383361
   1   4         4          3.66801214
   2   4         4         20.93008571
   3   4         4         46.22672061
   4   4         4         73.32645194
   5   4         4          3.65231932
   6   4         4          8.79552616
   7   4         4          0.57935427
   8   4         4          0.48324004
   9   4         4          0.12103136
  10   4         4          7.72027872
   1   4         5          3.29061355
   2   4         5         19.88379007
   3   4         5         42.91056861
   4   4         5         66.73358183
   5   4         5          3.35688409
   6   4         5          8.24296358
   7   4         5          0.64540378
   8   4         5          0.45452219
   9   4         5         -0.28031665
  10   4         5         -4.38054032
   1   5         1          2.46138509
   2   5         1         14.84540983
   3   5         1         31.52335410
   4   5         1         48.33823567
   5   5         1          2.63816812
   6   5         1          6.05863134
   7   5         1          0.33270287
   8   5         1          0.26539038
   9   5         1         -0.02026782
  10   5         1          4.97136930
   1   5         2          2.17902112
   2   5         2         12.94810205
   3   5         2         26.80281404
   4   5         2         40.15625191
   5   5         2          2.25433411
   6   5         2          4.99801427
   7   5         2          0.21617518
   8   5         2          0.19905459
   9   5         2         -0.01844910
  10   5         2          0.57297090
   1   6         1          2.17902112
   2   6         1         12.94810205
   3   6         1         26.80281404
   4   6         1         40.15625191
   5   6         1          2.25433411
   6   6         1          4.99801427
   7   6         1          0.21617518
   8   6         1          0.19905459
   9   6         1         -0.01844910
  10   6         1          0.57297090
   1   6         2          4.33380933
   2   6         2         23.33111177
   3   6         2         51.25817930
   4   6         2         80.98390080
   5   6         2          4.34310339
   6   6         2         10.24773432
   7   6         2          0.81511413
   8   6         2          0.66264804
   9   6         2          0.30128361
  10   6         2          7.75820632
   1   6         3          1.71792513
   2   6         3         11.05361252
   3   6         3         23.61151457
   4   6         3         36.38609014
   5   6         3          1.98631735
   6   6         3          4.28410195
   7   6         3          0.10592380
   8   6         3          0.09692510
   9   6         3         -0.20186387
  10   6         3          6.69262226
   1   6         4          3.38382285
   2   6         4         20.08205212
   3   6         4         41.43554032
   4   6         4         61.89576694
   5   6         4          3.41532739
   6   6         4          8.40040335
   7   6         4          0.65844491
   8   6         4          0.48792477
   9   6         4          0.27294657
  10   6         4         -0.72518162
   1   7         1          2.56108219
   2   7         1         15.36306072
   3   7         1         33.28825234
   4   7         1         51.95586245
   5   7         1          2.81849587
   6   7         1          6.33348192
   7   7         1          0.38092652
   8   7         1          0.30270207
   9   7         1         -0.05063172
  10   7         1          4.71486685
   1   7         2          2.04051588
   2   7         2         12.37268588
   3   7         2         24.25823149
   4   7         2         34.44245068
   5   7         2          1.96151402
   6   7         2          4.71023528
   7   7         2          0.14249588
   8   7         2          0.13410592
   9   7         2          0.05179374
  10   7         2          2.63760940
   1   8         1          2.52111353
   2   8         1         14.67475727
   3   8         1         23.32605537
   4   8         1         25.06599247
   5   8         1          1.79623535
   6   8         1          4.20479537
   7   8         1          0.28222484
   8   8         1          0.28964561
   9   8         1          0.14928136
  10   8         1         14.43849261
   1   8         2          1.83692871
   2   8         2         11.22144682
   3   8         2         30.27957271
   4   8         2         55.24651135
   5   8         2          2.71243286
   6   8         2          5.79123317
   7   8         2          0.15012552
   8   8         2          0.10846357
   9   8         2         -0.18617957
  10   8         2        -13.29255082
   1   8         3          3.29061355
   2   8         3         19.88379007
   3   8         3         42.91056861
   4   8         3         66.73358183
   5   8         3          3.35688409
   6   8         3          8.24296358
   7   8         3          0.64540378
   8   8         3          0.45452219
   9   8         3         -0.28031665
  10   8         3         -4.38054032
   1   8         4          1.74488299
   2   8         4         10.65099192
   3   8         4         25.68881719
   4   8         4         43.58500682
   5   8         4          2.29017379
   6   8         4          4.99534948
   7   8         4          0.03830211
   8   8         4          0.14116130
   9   8         4         -0.04569691
  10   8         4          6.14283403
   1   8         5          4.97590358
   2   8         5         28.86574372
   3   8         5         61.39682681
   4   8         5         94.30961298
   5   8         5          4.80296417
   6   8         5         11.93801457
   7   8         5          1.28576679
   8   8         5          0.86060627
   9   8         5          0.36855257
  10   8         5          4.79748398
   1   8         6          0.66179338
   2   8         6          4.88961140
   3   8         6          5.07372004
   4   8         6          0.51897921
   5   8         6          0.20453213
   6   8         6          0.47238755
   7   8         6         -0.18298965
   8   8         6         -0.19616554
   9   8         6         -0.14299070
  10   8         6          6.44039669
   1   8         7          1.81324996
   2   8         7         11.59370336
   3   8         7         23.72710849
   4   8         7         35.16532486
   5   8         7          2.48060704
   6   8         7          4.16666781
   7   8         7          0.22636051
   8   8         7          0.12335427
   9   8         7         -0.31436591
  10   8         7         19.15551443
   1   8         8          1.79174211
   2   8         8         11.29836052
   3   8         8         21.47425383
   4   8         8         29.48192089
   5   8         8          2.02769060
   6   8         8          4.86279213
   7   8         8          0.03112302
   8   8         8          0.11524326
   9   8         8          0.17734057
  10   8         8         -6.24784721
   1   8         9          3.66801214
   2   8         9         20.93008571
   3   8         9         46.22672061
   4   8         9         73.32645194
   5   8         9          3.65231932
   6   8         9          8.79552616
   7   8         9          0.57935427
   8   8         9          0.48324004
   9   8         9          0.12103136
  10   8         9          7.72027872
   1   9         1          2.40491229
   2   9         1         14.46594827
   3   9         1         30.57924609
   4   9         1         46.70183892
   5   9         1          2.56140131
   6   9         1          5.84650793
   7   9         1          0.30939733
   8   9         1          0.25212323
   9   9         1         -0.01990408
  10   9         1          4.09168962
   1  10         1          2.40491229
   2  10         1         14.46594827
   3  10         1         30.57924609
   4  10         1         46.70183892
   5  10         1          2.56140131
   6  10         1          5.84650793
   7  10         1          0.30939733
   8  10         1          0.25212323
   9  10         1         -0.01990408
  10  10         1          4.09168962
   1  11         1          2.40491229
   2  11         1         14.46594827
   3  11         1         30.57924609
   4  11         1         46.70183892
   5  11         1          2.56140131
   6  11         1          5.84650793
   7  11         1          0.30939733
   8  11         1          0.25212323
   9  11         1         -0.01990408
  10  11         1          4.09168962
   1  12         1          0.03213500
   2  12         1          0.19327981
   3  12         1          0.40850903
   4  12         1          0.62380817
   5  12         1          0.03412766
   6  12         1          0.07804471
   7  12         1          0.00415715
   8  12         1          0.00338017
   9  12         1         -0.00026856
  10  12         1          0.05397901
   1  13         1          0.40965738
   2  13         1          2.46471940
   3  13         1          5.22470952
   4  13         1          7.99942059
   5  13         1          0.43818077
   6  13         1          0.99874972
   7  13         1          0.05223903
   8  13         1          0.04248524
   9  13         1         -0.00386960
  10  13         1          0.64719952
   1  14         1          0.02822911
   2  14         1          0.16983394
   3  14         1          0.35901382
   4  14         1          0.54830772
   5  14         1          0.03000692
   6  14         1          0.06858537
   7  14         1          0.00364318
   8  14         1          0.00296371
   9  14         1         -0.00024652
  10  14         1          0.04718358
   1  15         1          0.26464759
   2  15         1          1.41863188
   3  15         1          2.21276846
   4  15         1          2.30260023
   5  15         1          0.02865460
   6  15         1          0.36390248
   7  15         1          0.10301280
   8  15         1          0.07171060
   9  15         1          0.03016201
  10  15         1          1.25538762
   1  16         1          0.01805782
   2  16         1          0.10863296
   3  16         1          0.22973669
   4  16         1          0.35100088
   5  16         1          0.01897902
   6  16         1          0.04372868
   7  16         1          0.00238624
   8  16         1          0.00191797
   9  16         1         -0.00017566
  10  16         1          0.02833600
   1  17         1          0.03535957
   2  17         1          0.02351719
   3  17         1          0.01825602
   4  17         1          0.02254891
   5  17         1          0.03636673
   6  17         1          0.03440911
   7  17         1          0.03757214
   8  17         1          0.03753028
   9  17         1          0.03761077
  10  17         1          0.01942341
   1  17         2          0.04925683
   2  17         2          0.00622216
   3  17         2         -0.08915147
   4  17         2         -0.21713648
   5  17         2          0.05043482
   6  17         2          0.03170460
   7  17         2          0.05611846
   8  17         2          0.05691578
   9  17         2          0.05876822
  10  17         2          0.09700174
   1  17         3          0.06801727
   2  17         3          0.13675587
   3  17         3          0.22921133
   4  17         3          0.32161430
   5  17         3          0.06524402
   6  17         3          0.08707311
   7  17         3          0.05837237
   8  17         3          0.05659284
   9  17         3          0.05405080
  10  17         3          0.03554636
   1  17         4          0.04100955
   2  17         4          0.03754588
   3  17         4          0.05252083
   4  17         4          0.08500617
   5  17         4          0.04223615
   6  17         4          0.04360671
   7  17         4          0.04089727
   8  17         4          0.04154604
   9  17         4          0.04157156
  10  17         4          0.04679181
   1  17         5          0.04774918
   2  17         5          0.03914093
   3  17         5          0.04037319
   4  17         5          0.05243468
   5  17         5          0.04771772
   6  17         5          0.04693936
   7  17         5          0.04864419
   8  17         5          0.04883756
   9  17         5          0.04911832
  10  17         5          0.03847990
   1  17         6          0.06401874
   2  17         6          0.07898014
   3  17         6          0.08861871
   4  17         6          0.08904779
   5  17         6          0.06332425
   6  17         6          0.06657189
   7  17         6          0.06184188
   8  17         6          0.06152913
   9  17         6          0.06121064
  10  17         6          0.07156191
   1  17         7          0.06110127
   2  17         7          0.13041273
   3  17         7          0.22363852
   4  17         7          0.31678439
   5  17         7          0.05831083
   6  17         7          0.08027912
   7  17         7          0.05135693
   8  17         7          0.04955723
   9  17         7          0.04699886
  10  17         7          0.02960246
   1  17         8          0.05429184
   2  17         8          0.01106688
   3  17         8         -0.08534797
   4  17         8         -0.21504542
   5  17         8          0.05540024
   6  17         8          0.03652478
   7  17         8          0.06118032
   8  17         8          0.06198848
   9  17         8          0.06387489
  10  17         8          0.10207407
   1  17         9          0.02401147
   2  17         9          0.02456911
   3  17         9          0.04457521
   4  17         9          0.08162251
   5  17         9          0.02503554
   6  17         9          0.02765925
   7  17         9          0.02322227
   8  17         9          0.02376781
   9  17         9          0.02371955
  10  17         9          0.02922056
   1  17        10          0.05511334
   2  17        10          0.01779528
   3  17        10         -0.01639499
   4  17        10         -0.03678864
   5  17        10          0.05547487
   6  17        10          0.04658058
   7  17        10          0.06075630
   8  17        10          0.06119297
   9  17        10          0.06217947
  10  17        10          0.01929193
   1  17        11          0.04755387
   2  17        11          0.03600171
   3  17        11          0.03306201
   4  17        11          0.04082911
   5  17        11          0.04762085
   6  17        11          0.04587617
   7  17        11          0.04895607
   8  17        11          0.04920053
   9  17        11          0.04953470
  10  17        11          0.03974309
   1  17        12          0.03046706
   2  17        12          0.02919831
   3  17        12          0.04690562
   4  17        12          0.08184171
   5  17        12          0.03156621
   6  17        12          0.03360427
   7  17        12          0.02997435
   8  17        12          0.03056228
   9  17        12          0.03054439
  10  17        12          0.03605377
   1  17        13          0.06446164
   2  17        13          0.08028893
   3  17        13          0.09382606
   4  17        13          0.10056899
   5  17        13          0.06407146
   6  17        13          0.06775474
   7  17        13          0.06216188
   8  17        13          0.06184435
   9  17        13          0.06140741
  10  17        13          0.07451847
   1  17        14          0.04779960
   2  17        14          0.03836069
   3  17        14          0.03842842
   4  17        14          0.04930985
   5  17        14          0.04780376
   6  17        14          0.04675716
   7  17        14          0.04884433
   8  17        14          0.04905010
   9  17        14          0.04934665
  10  17        14          0.03855723
   1  17        15          0.06452366
   2  17        15          0.13271754
   3  17        15          0.22433045
   4  17        15          0.31578460
   5  17        15          0.06175251
   6  17        15          0.08339280
   7  17        15          0.05494931
   8  17        15          0.05318115
   9  17        15          0.05066221
  10  17        15          0.03263322
   1  17        16          0.05710588
   2  17        16          0.01903357
   3  17        16         -0.01438113
   4  17        16         -0.03233933
   5  17        16          0.05778168
   6  17        16          0.04851154
   7  17        16          0.06295669
   8  17        16          0.06338896
   9  17        16          0.06425375
  10  17        16          0.02795937
   1  17        17          0.04707726
   2  17        17          0.00425170
   3  17        17         -0.08912647
   4  17        17         -0.21356266
   5  17        17          0.04851896
   6  17        17          0.02985720
   7  17        17          0.05392062
   8  17        17          0.05472713
   9  17        17          0.05649706
  10  17        17          0.09768242
   1  17        18          0.02468319
   2  17        18         -0.01922472
   3  17        18         -0.11278702
   4  17        18         -0.23625244
   5  17        18          0.02626651
   6  17        18          0.00735875
   7  17        18          0.03171403
   8  17        18          0.03254359
   9  17        18          0.03429245
  10  17        18          0.07554810
   1  17        19          0.04816698
   2  17        19          0.03800327
   3  17        19          0.02495882
   4  17        19          0.01273004
   5  17        19          0.04911840
   6  17        19          0.04602217
   7  17        19          0.04999289
   8  17        19          0.05022103
   9  17        19          0.05034454
  10  17        19          0.05511820
   1  17        20          0.04779960
   2  17        20          0.03836069
   3  17        20          0.03842842
   4  17        20          0.04930985
   5  17        20          0.04780376
   6  17        20          0.04675716
   7  17        20          0.04884433
   8  17        20          0.04905010
   9  17        20          0.04934665
  10  17        20          0.03855723
   1  17        21          0.06213071
   2  17        21          0.01787059
   3  17        21         -0.08123915
   4  17        21         -0.21497830
   5  17        21          0.06266923
   6  17        21          0.04376861
   7  17        21          0.06992070
   8  17        21          0.07020292
   9  17        21          0.07179955
  10  17        21          0.08982133
   1  17        22          0.03409266
   2  17        22         -0.02543135
   3  17        22         -0.07848356
   4  17        22         -0.10786145
   5  17        22          0.03602605
   6  17        22          0.02178562
   7  17        22          0.04320915
   8  17        22          0.04417262
   9  17        22          0.04557158
  10  17        22         -0.00339162
   1  17        23          0.02279998
   2  17        23          0.02200592
   3  17        23          0.04013387
   4  17        23          0.07526272
   5  17        23          0.02385199
   6  17        23          0.02599381
   7  17        23          0.02223301
   8  17        23          0.02279493
   9  17        23          0.02276016
  10  17        23          0.02933522
   1  17        24          0.07068041
   2  17        24          0.13884299
   3  17        24          0.23055273
   4  17        24          0.32221988
   5  17        24          0.06794004
   6  17        24          0.08952981
   7  17        24          0.06109471
   8  17        24          0.05932930
   9  17        24          0.05678998
  10  17        24          0.03966231
   1  17        25          0.04755387
   2  17        25          0.03600171
   3  17        25          0.03306201
   4  17        25          0.04082911
   5  17        25          0.04762085
   6  17        25          0.04587617
   7  17        25          0.04895607
   8  17        25          0.04920053
   9  17        25          0.04953470
  10  17        25          0.03974309
   1  17        26          0.04260515
   2  17        26          0.03940980
   3  17        26          0.05465723
   4  17        26          0.08732516
   5  17        26          0.04378888
   6  17        26          0.04526903
   7  17        26          0.04245150
   8  17        26          0.04309094
   9  17        26          0.04311202
  10  17        26          0.04757246
   1  17        27          0.06209974
   2  17        27          0.13160389
   3  17        27          0.22490332
   4  17        27          0.31794224
   5  17        27          0.05927535
   6  17        27          0.08133012
   7  17        27          0.05230494
   8  17        27          0.05050855
   9  17        27          0.04798634
  10  17        27          0.03020889
