# BLUPF90 parameter file created by RENUMF90
DATAFILE
 renf90.dat
NUMBER_OF_TRAITS
           8
NUMBER_OF_EFFECTS
          17
OBSERVATION(S)
    1    2    3    4    5    6    7    8
WEIGHT(S)
 
EFFECTS: POSITIONS_IN_DATAFILE NUMBER_OF_LEVELS TYPE_OF_EFFECT[EFFECT NESTED]
 9 9 9 9 9 9 9 9       108 cross 
 10 10 10 10 10 10 10 10         4 cross 
 11 11 11 11 11 11 11 11         5 cross 
 12 12 12 12 12 12 12 12        13 cross 
 13 13 13 13 13 13 13 13         4 cross 
 14 14 14 14 14 14 14 14         5 cross 
 15 15 15 15 15 15 15 15        10 cross 
 16 16 16 16 16 16 16 16       161 cross 
 17 17 17 17 17 17 17 17         2 cross 
 18 18 18 18 18 18 18 18         1 cross 
 19 19 19 19 19 19 19 19         1 cross 
 20 20 20 20 20 20 20 20 1 cov 
 21 21 21 21 21 21 21 21 1 cov 
 22 22 22 22 22 22 22 22 1 cov 
 23 23 23 23 23 23 23 23 1 cov 
 24 24 24 24 24 24 24 24 1 cov 
 25 25 25 25 25 25 25 25      3031 cross 
RANDOM_RESIDUAL VALUES
   1.0000       0.0000       0.0000       0.0000       0.0000       0.0000       0.0000    
   0.0000    
   0.0000       1.0000       0.0000       0.0000       0.0000       0.0000       0.0000    
   0.0000    
   0.0000       0.0000       1.0000       0.0000       0.0000       0.0000       0.0000    
   0.0000    
   0.0000       0.0000       0.0000       1.0000       0.0000       0.0000       0.0000    
   0.0000    
   0.0000       0.0000       0.0000       0.0000       1.0000       0.0000       0.0000    
   0.0000    
   0.0000       0.0000       0.0000       0.0000       0.0000       1.0000       0.0000    
   0.0000    
   0.0000       0.0000       0.0000       0.0000       0.0000       0.0000       1.0000    
   0.0000    
   0.0000       0.0000       0.0000       0.0000       0.0000       0.0000       0.0000    
   1.0000    
 RANDOM_GROUP
    17
 RANDOM_TYPE
 add_an_upginb
 FILE
renadd17.ped                                                                    
(CO)VARIANCES
   1.0000      0.10000      0.10000      0.10000      0.10000      0.10000      0.10000    
  0.10000    
  0.10000       1.0000      0.10000      0.10000      0.10000      0.10000      0.10000    
  0.10000    
  0.10000      0.10000       1.0000      0.10000      0.10000      0.10000      0.10000    
  0.10000    
  0.10000      0.10000      0.10000       1.0000      0.10000      0.10000      0.10000    
  0.10000    
  0.10000      0.10000      0.10000      0.10000       1.0000      0.10000      0.10000    
  0.10000    
  0.10000      0.10000      0.10000      0.10000      0.10000       1.0000      0.10000    
  0.10000    
  0.10000      0.10000      0.10000      0.10000      0.10000      0.10000       1.0000    
  0.10000    
  0.10000      0.10000      0.10000      0.10000      0.10000      0.10000      0.10000    
   1.0000    
OPTION SNP_file genotipos_raw.txt
OPTION missing -999
OPTION categorical 1 4
OPTION categorical 2 4
OPTION categorical 3 4
OPTION categorical 4 4
OPTION categorical 5 5
OPTION categorical 6 4
OPTION categorical 7 2
OPTION categorical 8 2

OPTION thrStopCorAG -1
